adobo
17.48
7.1
8.16
0.4
428.0
18.3
7.37
8.88
0.2
437.0

ambrosia food

apple pie

apple turnover

applesauce
0.17
0.1
11.27
1.1
2.0
0.18
0.18
19.91
1.2
28.0
0.2
0.2
11.64
1.8
0.0
0.2
0.2
12.4
1.8
0.0
0.0
0.0
14.1
1.1
1.0
0.0
0.0
14.1
1.1
1.0
0.37
0.1
16.16
1.6
3.0
0.71
0.51
18.38
1.0
5.0
0.71
0.51
18.79
1.0
5.0
1.2
0.4
17.1
1.0
4.0
0.1
0.1
10.1
1.5
2.0
0.1
0.1
10.5
1.5
2.0
0.2
0.1
18.9
1.4
5.0
0.89
0.89
15.62
0.9
4.0
0.89
0.89
16.03
0.9
4.0
0.17
0.1
11.27
1.1
2.0
0.16
0.17
17.49
1.2
2.0
0.0
0.0
10.3
1.7
1.0
0.2
0.2
10.8
1.7
0.0
4.93
24.24
44.82
1.7
205.0
3.86
25.86
46.5
1.1
218.0
0.71
0.51
18.58
1.0
5.0
0.89
0.89
15.82
0.9
4.0
0.1
0.1
10.55
1.7
0.0
0.2
0.2
12.02
1.8
0.0

applesauce cake

baby back rib

bacon and eggs

bacon lettuce tomato sandwich

baked alaska

baklava
6.64
29.13
37.53
2.6
337.0

barbecued spareribs

barbecued wing

beef bourguignonne

beef carpaccio

beef stroganoff

beef tartare

beef wellington

beet salad

beignet

bibimbap
5.38
2.81
8.34
1.0
422.0

biryani
8.4
6.77
12.07
0.9
98.0
7.04
2.36
13.42
0.9
162.0
2.38
4.33
17.89
1.4
178.0

blancmange

boiled egg

boston cream pie

bread pudding

brisket
20.72
7.37
0.6
0.0
79.0
21.47
5.11
0.0
0.0
83.0
21.28
5.75
0.0
0.0
82.0
21.74
4.14
0.0
0.0
85.0
18.42
19.06
0.56
0.0
69.0
25.85
24.5
0.0
0.0
64.0
17.94
22.18
0.0
0.0
59.0
20.32
9.29
0.0
0.0
80.0
20.15
9.86
0.0
0.0
79.0
28.97
17.37
0.0
0.0
49.0
32.21
9.24
0.0
0.0
52.0
33.9
5.92
0.0
0.0
56.0
28.82
18.42
0.0
0.0
48.0
17.65
20.98
0.59
0.0
72.0
24.4
27.17
0.0
0.0
69.0
33.59
6.77
0.0
0.0
57.0
20.57
8.45
0.0
0.0
82.0
14.68
14.9
0.14
0.0
1217.0
18.17
18.98
0.47
0.0
973.0
33.26
6.99
0.0
0.0
54.0
23.53
28.5
0.0
0.0
68.0
28.05
13.8
0.0
0.0
77.0
32.62
8.07
0.0
0.0
52.0
26.79
19.52
0.0
0.0
65.0
29.75
10.08
0.0
0.0
70.0
32.9
8.01
0.0
0.0
54.0
33.13
6.79
0.0
0.0
53.0
34.51
7.05
0.0
0.0
30.0
20.92
4.62
0.0
0.0
51.0
18.12
22.15
0.12
0.0
61.0
17.77
22.21
0.0
0.0
58.0
28.66
19.47
0.0
0.0
46.0
33.15
6.0
0.0
0.0
54.0
21.57
3.84
0.0
0.0
74.0
21.69
4.06
0.0
0.0
75.0
29.35
16.37
0.0
0.0
39.0
19.74
12.75
0.0
0.0
66.0
20.14
41.33
0.0
0.0
33.0
15.81
31.27
0.0
0.0
54.0
31.94
13.6
0.0
0.0
29.0
20.05
9.23
0.0
0.0
49.0
21.45
3.61
0.0
0.0
76.0
33.18
5.21
0.0
0.0
55.0
29.5
10.0
0.0
0.0
392.0
26.57
19.36
0.0
0.0
387.0
29.5
10.0
0.0
0.0
392.0

bruschetta
4.03
7.7
22.18
2.0
238.0

bubble and squeak

buffalo wing

burrito
9.84
6.42
20.51
2.4
564.0
9.13
7.27
20.32
2.4
534.0
7.35
6.05
31.23
4.2
563.0
7.03
6.8
23.37
3.7
451.0
11.1
15.63
22.97
1.2
744.0
6.48
6.22
32.92
nan
454.0
7.35
6.05
31.23
4.2
563.0
11.1
15.63
22.97
1.2
744.0
8.73
11.94
38.95
6.9
659.0
11.52
7.47
19.52
3.0
570.0
7.03
6.8
23.37
3.7
451.0
7.26
9.61
30.84
4.2
587.0
7.07
6.3
34.01
3.4
351.0
10.27
11.84
19.69
1.4
548.0
9.04
12.66
21.15
1.6
551.0
11.38
13.92
17.22
1.3
584.0
10.14
14.36
18.86
1.5
582.0
11.15
13.94
17.76
1.3
596.0
10.46
12.47
17.32
2.0
539.0
13.03
14.48
14.44
1.2
497.0
11.36
12.46
17.83
2.4
511.0
11.57
15.15
13.09
1.1
432.0
10.16
13.39
16.06
2.1
446.0
8.56
7.86
26.78
3.6
513.0
10.79
11.66
18.52
2.3
477.0
9.73
12.63
16.76
2.0
420.0
16.9
12.01
16.57
1.4
582.0
12.93
11.2
19.06
2.5
550.0
14.59
13.19
14.66
1.1
494.0
11.42
12.38
16.98
2.2
475.0
12.2
10.42
19.72
2.4
510.0
10.88
11.63
17.67
2.1
445.0
9.32
9.89
21.5
3.3
490.0
9.78
10.56
21.04
3.5
524.0
8.47
11.06
19.41
2.9
433.0
9.6
4.62
23.76
2.0
1676.0

caesar salad

cannelloni
6.95
6.71
17.41
1.2
604.0
7.05
4.8
10.85
0.7
555.0

cannoli

caprese salad

carbonnade flamande

carrot cake

casserole
10.19
7.52
15.29
0.7
275.0
9.15
5.17
13.89
0.8
341.0
8.92
6.42
14.1
0.9
233.0
8.08
4.46
12.94
1.0
291.0
9.01
5.12
8.37
0.9
377.0
12.03
13.8
4.68
0.1
416.0
8.57
17.84
24.71
2.7
408.0
7.3
17.4
28.98
3.2
384.0
13.28
12.65
17.41
3.1
328.0
14.62
17.08
14.51
1.6
448.0
6.31
8.25
15.43
1.7
359.0
6.98
9.67
11.04
1.5
275.0
6.75
7.23
9.56
2.3
293.0
4.11
3.28
15.05
2.2
109.0
4.12
3.49
15.11
1.9
186.0
2.99
6.96
39.91
2.2
205.0
1.68
2.13
17.06
1.9
154.0
6.59
11.18
8.68
1.9
356.0
3.17
4.15
9.08
1.5
223.0
2.12
1.64
15.0
1.3
120.0
3.4
4.68
9.43
1.4
171.0
7.03
5.47
5.48
1.3
180.0

ceviche
10.34
0.75
3.58
0.5
158.0

cheesecake
5.5
22.5
25.5
0.4
438.0
5.5
12.7
35.5
1.9
380.0
3.63
13.92
18.62
1.0
269.0
5.97
25.82
32.55
1.0
440.0

chicken cordon bleu

chicken curry

chicken kiev

chicken marengo

chicken provencale

chicken quesadilla

chicken wing

chiffon cake

chili
0.72
0.27
4.6
1.7
397.0
12.56
9.79
4.57
1.4
381.0
12.56
9.79
4.57
1.4
381.0
5.0
1.0
16.9
4.2
725.0
0.69
0.08
3.62
nan
401.0
1.87
0.44
8.81
1.5
9.0
0.9
0.1
5.1
1.3
1173.0
0.9
0.1
5.1
1.3
1173.0
2.0
0.2
9.46
1.5
7.0
5.09
2.53
18.86
2.5
788.0
13.46
14.28
49.7
34.8
2867.0
2.5
0.3
19.79
2.4
1338.0
0.9
0.6
3.9
0.7
25.0
0.7
0.1
5.0
1.9
25.0
5.8
3.47
13.1
3.3
449.0
7.53
7.1
6.1
0.5
411.0
5.85
3.68
10.88
2.9
385.0
2.49
1.24
9.23
1.2
388.0
10.82
7.3
56.56
10.8
4616.0
6.12
3.76
13.24
3.3
423.0
11.66
3.34
5.23
0.8
329.0
8.05
4.21
7.22
2.4
366.0
8.05
4.21
7.21
2.4
365.0
6.88
3.81
10.71
2.7
425.0
6.69
5.03
12.58
3.1
460.0
6.69
5.03
12.58
3.1
460.0
8.86
15.77
8.4
1.7
645.0
11.75
4.02
3.03
0.7
119.0
8.07
5.12
7.2
2.4
369.0
8.3
2.19
8.06
2.1
338.0
8.42
2.67
7.36
2.4
373.0
5.8
2.92
16.91
3.0
353.0
5.07
2.72
16.65
2.6
433.0
15.54
12.62
18.48
1.2
277.0
9.11
12.55
19.71
1.8
604.0
9.63
12.47
18.95
2.4
596.0
9.63
12.47
18.95
2.4
596.0
8.98
12.44
18.73
1.9
609.0
9.06
13.12
18.21
2.3
594.0
8.86
13.43
16.11
1.9
616.0
9.2
13.66
15.76
2.2
613.0
9.69
12.96
16.27
2.7
601.0
9.28
12.65
16.54
3.5
607.0
9.9
13.12
16.41
3.0
584.0
9.23
12.67
19.76
1.8
594.0
9.75
12.58
19.0
2.4
586.0
9.94
12.79
18.36
2.9
576.0
9.11
12.55
18.78
1.9
599.0
9.19
13.23
18.27
2.3
584.0
9.0
13.56
16.17
1.9
605.0
9.34
13.78
15.82
2.2
601.0
9.69
12.96
16.27
2.7
601.0
9.41
12.76
16.6
3.5
596.0
10.03
13.24
16.47
3.0
574.0
12.31
7.7
20.34
3.2
460.0
12.42
7.99
17.1
3.5
455.0
5.48
8.46
9.67
1.9
257.0
2.39
0.33
8.19
2.7
400.0
7.44
2.93
13.89
4.4
248.0
10.05
14.07
23.12
3.0
453.0
5.03
4.12
16.68
2.1
426.0
4.25
10.81
31.58
3.6
293.0
3.99
11.38
25.41
2.8
386.0
3.99
11.38
25.41
2.8
386.0
4.25
10.81
31.58
3.6
293.0
4.01
6.13
18.02
1.6
274.0
4.4
6.15
17.73
2.1
278.0
1.94
0.32
9.14
1.5
8.0

chocolate cake

chocolate mousse

chop suey

chow mein

churro
3.02
30.58
49.8
0.8
160.0

clam chowder

clam food

club sandwich

cockle food

coconut cake

coffee cake

compote

confit

coq au vin

coquilles saint jacques

cottage pie

couscous
12.76
0.64
77.43
5.0
10.0
3.79
0.16
23.22
1.4
5.0
3.77
0.16
23.11
1.4
189.0

crab cake

crab food

crayfish food

creme brulee

croque madame

croquette
17.98
20.7
2.58
0.2
1178.0
20.85
18.7
2.56
0.2
576.0
3.41
6.53
19.97
0.9
414.0

cruller
3.1
18.3
59.5
1.2
345.0

crumb cake

crumpet
7.21
5.55
28.42
1.7
481.0
8.1
6.24
31.93
1.9
541.0

cupcake
4.93
24.24
44.82
1.7
205.0
3.86
25.86
46.5
1.1
218.0
5.33
25.06
47.08
2.1
211.0
4.1
26.42
47.98
1.3
222.0
5.31
25.17
43.69
2.1
231.0
4.08
26.5
45.88
1.3
234.0
4.89
15.14
45.56
1.3
462.0
3.85
21.92
51.49
2.7
334.0
4.02
10.15
50.68
1.2
459.0
4.55
16.08
45.47
0.4
514.0
3.44
17.39
55.0
0.3
426.0
4.72
15.62
45.51
0.8
488.0
3.24
18.98
54.52
1.2
308.0
6.54
24.7
46.11
1.3
500.0
4.16
20.18
53.77
0.9
409.0
3.22
12.63
63.26
1.4
263.0
5.15
21.08
53.7
1.0
416.0
5.09
23.57
41.07
2.2
200.0
3.98
25.38
44.05
1.4
215.0
6.08
21.15
52.25
1.7
429.0
4.93
24.24
44.82
1.7
205.0
3.86
25.86
46.5
1.1
218.0
3.8
12.97
49.64
0.4
430.0
4.55
16.08
45.47
0.4
514.0
4.25
27.26
46.16
1.1
230.0

custard
4.41
18.52
37.43
0.9
265.0
4.53
4.03
22.78
0.0
53.0
6.9
6.4
82.8
0.0
281.0
3.99
4.0
17.6
0.0
84.0
4.13
2.83
17.61
0.0
87.0
2.95
3.0
18.68
0.0
112.0
5.02
4.58
11.0
0.0
61.0
0.0
0.0
91.6
0.0
432.0
2.99
1.72
18.82
0.0
113.0
1.6
2.0
16.0
0.0
0.0
1.76
0.98
17.58
0.2
26.0
1.7
0.6
25.2
2.4
4.0
5.9
13.2
30.2
1.8
335.0
5.5
11.6
20.8
1.6
275.0
5.05
5.29
25.87
0.0
48.0
5.05
3.45
10.96
0.0
91.0
3.89
24.96
46.25
3.3
640.0
8.2
10.49
40.04
0.3
134.0
1.68
1.49
16.79
0.1
13.0
5.74
4.66
26.5
0.5
381.0
3.5
8.8
21.02
1.4
117.0
4.5
24.36
10.48
0.3
137.0
4.92
21.35
12.47
0.4
165.0
3.43
7.03
41.85
0.8
263.0
5.84
29.79
29.87
0.8
167.0
4.11
13.95
55.52
1.3
214.0
5.7
4.23
23.73
0.1
63.0

deviled egg

dolmas

donut

dumpling
8.71
3.78
8.03
nan
46.0
5.26
6.14
29.64
0.9
474.0
2.0
0.9
7.7
nan
49.0
2.1
0.8
8.0
nan
52.0
15.63
5.49
7.94
0.3
489.0
23.05
15.45
12.8
0.7
718.0
6.08
6.3
11.59
0.9
307.0
6.12
6.09
12.74
0.8
301.0
5.53
6.57
11.52
0.9
345.0
5.58
6.16
12.69
0.8
341.0
3.64
18.04
43.6
1.3
325.0
3.79
17.73
45.55
1.9
316.0
3.27
15.07
40.01
1.3
279.0
3.47
15.63
37.05
0.7
284.0
3.95
16.57
43.15
1.6
331.0
5.66
23.52
34.41
1.1
578.0
3.3
3.22
20.25
0.7
429.0
5.31
4.68
25.38
1.1
352.0
6.9
4.6
11.07
1.2
368.0
12.54
22.81
25.37
0.9
438.0
5.05
3.76
27.4
1.7
468.0
12.82
9.72
33.43
5.7
315.0

eccles cake

edamame
11.22
4.73
7.61
4.8
6.0
11.91
5.2
8.91
5.2
6.0
18.21
8.97
8.36
6.0
1.0

egg roll

eggs benedict

enchilada
11.67
17.74
16.2
1.8
561.0
11.24
18.47
15.45
1.9
528.0
0.62
0.91
4.87
0.5
547.0
6.83
6.42
14.4
2.6
332.0
7.23
8.16
14.68
2.8
213.0
9.22
7.15
12.22
1.8
335.0
9.83
9.08
12.37
2.0
208.0
6.48
5.81
14.39
2.6
327.0
6.86
7.5
14.67
2.8
209.0
8.47
5.82
12.21
1.8
326.0
9.02
7.65
12.35
2.0
198.0
4.75
5.8
16.28
3.3
328.0
5.0
7.37
16.66
3.5
218.0
7.31
10.06
12.88
1.9
372.0
7.8
12.28
13.08
2.0
243.0
5.03
4.12
16.68
2.1
426.0
5.03
4.12
16.68
2.1
426.0
8.28
8.46
20.68
3.4
684.0
10.62
6.32
11.97
1.2
412.0
0.99
0.59
5.5
1.4
231.0

entrecote

escargot

falafel
13.31
17.8
31.84
nan
294.0

farfalle

fettuccine
6.14
7.01
13.46
1.1
385.0
9.4
5.65
8.45
1.2
264.0

filet mignon

fish and chips

fish stick

flan
4.53
4.03
22.78
0.0
53.0
21.72
6.29
0.0
0.0
57.0
28.02
13.0
0.0
0.0
72.0
27.82
8.32
0.0
0.0
56.0
27.66
8.23
0.0
0.0
56.0
2.95
3.0
18.68
0.0
112.0
21.22
8.29
0.0
0.0
54.0
26.98
16.44
0.0
0.0
70.0
27.55
9.31
0.0
0.0
53.0
27.78
7.15
0.0
0.0
58.0
21.22
7.17
0.0
0.0
54.0
21.22
6.06
0.0
0.0
54.0
0.0
0.0
91.6
0.0
432.0
2.99
1.72
18.82
0.0
113.0
30.75
7.92
0.0
0.0
28.0
20.53
6.67
0.0
0.0
47.0
30.13
9.73
0.0
0.0
28.0
20.12
8.9
0.0
0.0
46.0
27.89
7.4
0.0
0.0
57.0
27.96
6.48
0.0
0.0
59.0
21.57
5.47
0.0
0.0
55.0
21.43
5.0
0.0
0.0
53.0
5.22
4.7
29.04
0.0
165.0

foie gras

fondue
19.3
21.19
1.93
0.0
304.0

french fries

french onion soup

french toast

fried calamari

fried egg

fried rice

frittata

fritter
6.93
16.22
5.22
0.2
421.0
6.44
24.45
34.78
1.3
45.0
5.03
21.33
34.43
2.1
47.0
5.62
22.05
31.44
1.8
56.0
6.46
23.64
50.34
0.6
588.0
7.64
41.23
19.5
0.7
230.0
6.77
17.21
20.78
1.0
564.0
15.32
7.45
36.02
1.3
190.0
8.91
14.04
36.61
1.0
473.0
2.27
8.98
39.13
0.8
269.0
6.94
21.29
35.65
2.8
354.0
8.24
22.57
40.81
2.2
504.0
5.94
13.73
12.47
1.5
487.0
11.95
29.16
29.4
2.4
364.0
8.92
12.24
30.34
1.7
583.0
11.62
29.18
19.67
2.6
1243.0
6.54
11.13
27.27
4.0
227.0

frozen yogurt

fruitcake
2.9
9.1
61.6
3.7
101.0

galantine

garlic bread

gingerbread
4.4
13.8
74.6
1.7
657.0
3.9
16.4
49.2
nan
327.0
4.02
10.15
50.68
1.2
459.0

gnocchi
8.37
11.84
9.41
0.2
270.0
2.36
6.24
17.06
1.0
289.0

greek salad

grilled cheese sandwich

grilled salmon

guacamole
1.95
14.18
8.45
6.5
344.0
1.87
13.09
8.09
6.1
318.0

gyoza

gyro
11.91
4.77
18.44
1.0
183.0

haggis

ham and eggs

ham sandwich

hamburger
8.07
4.15
50.84
2.6
488.0
0.63
0.54
34.48
3.2
1096.0
25.56
17.86
0.0
0.0
96.0
14.87
11.6
14.2
1.4
476.0
12.62
8.75
28.45
1.7
539.0
13.06
11.5
24.97
1.4
660.0
14.85
10.55
26.76
1.0
461.0
16.52
12.01
31.5
1.7
331.0
13.3
10.18
29.57
1.8
487.0
15.68
11.6
22.14
1.1
374.0
12.92
10.09
30.28
1.3
494.0
12.63
10.6
16.82
1.3
395.0
13.94
15.66
13.74
1.4
289.0
9.77
3.91
50.12
1.8
494.0
9.6
6.0
44.6
3.8
458.0
11.34
12.37
17.33
1.5
342.0
12.17
13.3
22.69
1.4
386.0
11.69
3.61
47.31
4.2
463.0
12.38
4.38
44.93
6.1
477.0
9.3
3.49
46.5
2.3
512.0
15.3
11.38
29.24
1.0
320.0
11.7
11.43
24.38
1.0
447.0
18.14
6.94
24.91
3.5
294.0
13.8
10.5
16.76
0.8
430.0
9.88
9.53
20.01
1.0
358.0
18.39
7.09
24.14
3.4
287.0
18.48
11.84
22.28
0.8
433.0
19.23
11.86
20.13
2.4
419.0
19.23
11.86
20.13
2.4
419.0
12.65
9.93
17.15
0.9
432.0
13.15
9.94
15.72
1.9
423.0
18.96
12.28
20.74
0.7
429.0
19.66
12.3
18.74
2.2
417.0
19.66
12.3
18.74
2.2
417.0
13.8
10.5
16.76
0.8
430.0
14.3
10.52
15.33
1.9
421.0
14.3
10.52
15.33
1.9
421.0
17.75
14.72
19.67
0.7
387.0
12.65
12.12
15.8
0.8
299.0
19.38
16.9
13.64
0.5
278.0
8.22
7.55
10.28
0.3
286.0
1.29
22.85
17.19
0.6
845.0

hot and sour soup

hot dog

huevos rancheros

huitre

hummus
4.86
8.59
20.12
4.0
242.0
7.78
17.82
15.0
5.5
426.0
8.18
17.78
19.86
5.9
481.0
8.1
17.7
19.62
5.9
472.0

ice cream

jambalaya
14.5
9.48
8.53
0.7
417.0

jerky
33.2
25.6
11.0
1.8
1785.0
32.2
22.36
14.78
0.0
2959.0

kabob
20.21
5.28
0.0
0.0
65.0
33.69
8.8
0.0
0.0
70.0
28.08
7.33
0.0
0.0
76.0
14.71
4.88
5.0
0.9
209.0
13.78
5.16
5.0
0.9
216.0
12.12
5.68
5.0
0.9
221.0
12.95
3.69
5.0
0.9
346.0
11.14
1.58
5.69
0.9
240.0
9.32
1.04
5.0
0.9
251.0

kedgeree

knish
7.59
20.32
33.81
1.5
365.0
10.16
19.46
31.11
1.1
452.0
13.12
21.28
25.65
1.1
422.0

lasagna
10.9
1.97
73.77
2.8
1850.0
12.53
2.7
70.26
2.6
2093.0
5.06
4.22
21.61
1.7
312.0
10.83
10.69
11.36
1.5
466.0
11.28
10.84
10.33
1.6
450.0
6.81
2.23
13.5
1.3
181.0
6.87
6.04
14.18
1.9
445.0
7.28
4.92
15.36
1.7
373.0
6.54
5.33
13.84
1.7
284.0
6.63
4.42
14.39
1.4
347.0
4.2
2.1
10.0
nan
41.0
7.45
4.97
16.17
1.6
390.0
14.2
9.91
12.16
1.0
395.0
13.86
9.83
12.77
1.1
394.0
14.3
9.4
12.97
1.0
369.0
14.04
9.19
12.77
1.1
362.0
11.71
8.4
13.46
1.2
364.0
14.17
10.29
12.74
1.6
403.0
12.04
8.93
13.26
1.8
387.0
13.89
10.25
11.06
1.2
405.0
11.49
8.58
11.53
1.4
368.0
5.71
5.0
17.64
1.5
367.0
6.64
2.26
10.63
1.3
344.0
7.61
4.21
12.56
1.1
241.0
4.89
7.78
14.75
1.7
309.0
5.36
3.19
12.76
1.3
307.0

limpet food

linguine

lobster bisque

lobster food

lobster roll sandwich

lobster thermidor

lutefisk

macaron
6.46
11.51
15.58
0.7
374.0
5.19
4.92
21.16
1.2
300.0
4.34
1.9
11.53
1.1
35.0
13.14
1.04
74.88
4.3
43.0
4.53
0.11
26.61
4.3
6.0
11.6
1.88
71.51
2.7
2152.0
5.01
4.34
21.08
1.3
288.0
12.73
10.67
46.66
1.8
766.0
6.68
4.99
23.1
1.2
460.0
13.1
4.03
52.06
2.0
867.0
11.48
6.56
70.75
1.6
902.0
5.03
3.45
17.4
1.0
482.0
5.42
6.06
18.8
1.1
361.0
6.49
11.75
15.61
1.1
375.0
5.89
1.96
17.99
1.4
178.0
3.5
2.6
11.2
0.5
264.0
2.6
2.0
8.2
0.3
183.0
11.76
14.96
11.63
0.0
3.0
3.38
2.46
11.52
0.5
302.0
5.98
5.99
13.96
0.4
335.0
13.86
4.82
70.12
3.2
680.0
4.89
8.28
23.93
1.2
338.0
5.6
6.41
17.28
1.1
290.0
2.36
1.47
9.45
1.2
38.0
2.5
1.1
9.4
1.1
35.0
3.14
2.11
8.95
0.7
88.0
9.1
5.38
12.38
0.5
399.0
5.8
2.92
16.91
3.0
353.0
6.67
4.98
9.73
1.0
337.0
6.69
8.45
11.09
1.4
374.0
10.35
8.47
20.44
1.3
382.0
4.82
2.26
12.96
2.3
212.0
7.76
4.74
18.09
0.9
363.0
8.58
10.26
23.16
1.2
364.0
4.63
7.87
22.14
1.0
167.0
3.26
1.86
20.1
0.5
259.0
4.56
4.73
17.27
0.6
176.0
7.67
6.66
18.19
0.8
187.0
11.78
11.05
15.12
0.7
248.0
8.22
7.55
10.28
0.3
286.0
3.93
6.4
18.71
1.1
136.0
6.28
12.43
18.74
0.8
312.0
6.2
9.62
18.96
0.8
220.0
12.52
7.5
14.81
0.7
233.0
4.9
5.49
21.78
1.3
256.0
8.08
4.53
17.14
1.0
255.0
4.46
11.52
24.64
1.4
204.0
4.32
4.16
25.68
1.4
239.0
4.38
4.01
26.58
1.4
210.0
4.32
4.16
25.68
1.4
239.0
3.7
3.7
20.88
1.7
225.0
3.69
1.98
20.59
1.7
214.0
3.81
6.6
20.09
1.7
216.0
3.82
2.9
20.2
1.7
209.0
4.26
1.14
26.54
1.7
239.0
5.19
11.44
22.53
1.3
196.0
6.76
9.9
20.86
1.2
210.0
6.48
9.9
20.93
1.2
232.0
6.76
10.06
21.1
1.2
299.0
7.21
9.96
19.34
1.1
204.0
7.82
10.75
20.93
1.2
225.0
6.84
14.34
21.86
1.3
262.0
7.66
10.59
20.82
1.2
378.0
5.98
3.96
17.2
0.8
252.0
2.43
1.28
9.43
1.2
36.0
4.34
1.9
11.53
1.1
35.0
2.87
2.06
8.57
0.5
192.0

macaroni and cheese

manicotti
11.35
9.95
18.79
0.6
440.0
8.3
7.05
15.04
0.9
433.0
9.45
7.7
14.03
0.8
431.0
7.06
5.5
15.01
1.1
390.0
7.16
5.56
11.14
0.7
318.0

marble cake

matzo ball

meat loaf food

meatball
7.84
8.52
15.51
1.5
351.0
21.0
9.0
8.0
4.6
550.0
7.84
8.52
15.51
1.5
351.0
9.77
8.45
26.01
2.1
437.0
9.77
8.45
26.01
2.1
437.0
14.4
22.21
8.06
2.3
666.0
4.37
4.11
11.45
2.7
280.0
9.32
10.23
30.68
2.2
378.0
10.49
7.7
32.28
2.0
557.0
12.43
9.88
7.22
0.3
533.0
13.82
17.19
6.87
0.8
774.0
18.03
11.98
0.13
0.0
813.0
12.28
7.53
6.32
0.5
474.0
11.21
10.22
12.87
0.6
299.0
9.67
3.35
10.57
0.9
252.0
6.84
4.64
9.9
1.7
256.0
5.53
3.32
14.83
1.2
293.0
7.69
3.72
16.36
1.7
655.0

miso soup

moo goo gai pan

mostaccioli

moussaka

mussel
11.9
2.24
3.69
0.0
286.0
23.8
4.48
7.39
0.0
369.0
23.7
4.46
7.35
0.0
910.0
23.7
4.46
7.35
0.0
910.0
12.2
2.32
5.02
0.4
404.0

nacho
7.36
27.42
60.81
5.1
691.0
8.7
15.2
71.6
4.8
1003.0
8.44
3.53
65.22
6.4
705.0
7.8
25.6
62.3
5.3
708.0
4.32
21.5
34.91
3.2
313.0
6.21
12.48
21.39
3.7
348.0
4.32
21.5
34.91
3.2
313.0
6.21
12.48
21.39
3.7
348.0
8.4
11.84
21.93
4.0
354.0
13.48
12.41
17.88
3.3
397.0
14.13
9.59
17.43
3.2
383.0
10.05
14.07
23.12
3.0
453.0
6.28
12.63
20.08
3.4
323.0
13.11
10.44
16.31
2.9
352.0

omelette

onion rings

orzo

osso buco

oyster
3.31
0.41
6.09
2.3
18.0
3.3
0.2
18.6
3.3
20.0
1.72
3.13
3.32
0.0
722.0
5.71
1.71
2.72
0.0
85.0
8.77
12.58
11.62
nan
417.0
11.42
3.42
5.45
0.0
166.0
7.06
2.47
3.91
0.0
112.0
9.46
8.64
74.05
2.8
941.0
22.81
4.86
0.0
0.0
150.0
28.81
3.97
0.0
0.0
81.0
2.51
3.24
3.99
0.0
425.0
29.87
8.46
0.0
0.0
25.0
21.83
7.56
0.0
0.0
59.0
29.79
8.68
0.0
0.0
25.0
9.45
2.3
4.95
0.0
106.0
18.9
4.6
9.9
0.0
212.0
21.55
3.67
0.0
0.0
83.0
0.87
1.59
1.69
nan
407.0
21.27
10.31
0.0
0.0
57.0
9.5
8.85
74.34
2.9
198.0
9.2
11.8
71.5
3.0
766.0
8.87
2.65
4.23
0.0
132.0
5.22
1.55
5.53
0.0
178.0
7.0
2.12
7.28
0.0
163.0
8.16
12.22
12.62
0.6
419.0
6.82
5.62
3.34
0.0
407.0
7.02
2.1
3.44
0.0
419.0
11.37
3.4
5.42
0.0
510.0
8.16
12.22
12.62
0.6
419.0
7.43
7.74
14.69
0.6
369.0
7.77
2.38
15.36
0.6
386.0
7.67
2.68
4.25
0.0
122.0
9.2
2.76
4.38
0.0
605.0
5.5
8.12
7.76
0.2
242.0
6.93
16.22
5.22
0.2
421.0
5.36
15.99
19.82
0.8
294.0
7.5
7.0
9.03
1.6
425.0
4.2
5.15
4.22
0.0
326.0
4.77
10.78
18.41
1.4
515.0

pad thai

paella
8.04
4.68
16.43
0.8
610.0
9.54
7.08
15.8
0.6
738.0
21.71
12.54
16.74
0.5
892.0
7.61
5.48
15.69
0.9
233.0

pancake
0.0
0.09
72.43
0.0
287.0
3.31
4.55
40.32
1.5
331.0
5.88
4.73
43.33
2.5
566.0
0.0
0.1
69.6
0.0
61.0
0.0
0.0
44.55
0.0
178.0
0.0
0.0
61.47
0.0
82.0
6.08
14.76
27.81
3.3
764.0
0.0
0.1
69.6
0.0
61.0
10.53
1.32
74.11
7.9
1632.0
5.23
6.83
37.75
1.0
461.0
9.77
3.1
73.65
2.9
1082.0
6.1
9.2
29.0
nan
412.0
10.9
2.7
71.3
8.5
684.0
8.9
1.4
73.9
nan
456.0
12.8
1.5
71.0
nan
1419.0
4.05
8.06
46.08
0.9
283.0
5.71
1.9
57.32
1.0
429.0
3.31
4.55
40.32
1.5
331.0
5.2
2.5
36.7
1.3
628.0
10.0
1.7
73.6
5.4
1148.0
7.8
7.7
28.9
1.9
505.0
6.4
9.7
28.3
nan
439.0
8.5
6.5
29.4
2.8
572.0
6.8
9.3
28.7
nan
522.0
10.53
10.4
4.25
0.9
819.0
7.4
11.87
35.31
2.1
652.0
7.56
9.54
36.09
2.2
667.0
4.99
6.52
36.47
1.1
438.0
5.35
7.97
38.83
1.1
442.0
5.54
6.75
38.55
2.3
447.0
5.54
6.75
38.55
2.3
447.0
7.15
15.29
34.13
2.1
683.0
5.7
12.12
29.82
2.3
535.0
7.45
18.52
40.01
2.4
586.0
7.58
15.61
31.73
3.1
758.0
7.92
22.98
30.09
4.0
677.0
6.26
6.57
40.43
5.2
415.0
7.4
11.87
35.31
2.1
652.0
5.85
9.39
30.62
2.4
507.0
6.36
9.92
30.94
2.3
543.0
7.67
15.77
41.17
2.4
557.0
8.0
12.66
31.73
3.5
342.0
4.76
5.91
32.0
1.3
655.0
7.85
12.1
32.87
3.2
729.0
8.03
9.69
33.62
3.3
745.0
4.05
0.38
45.38
0.7
5.0
6.36
0.35
24.98
5.8
252.0
8.86
13.7
27.72
0.6
574.0
4.49
10.49
20.6
2.3
406.0

panna cotta

pate
11.4
43.84
4.67
0.0
697.0
13.45
13.1
6.55
0.0
386.0
11.4
43.84
4.67
0.0
697.0
14.2
28.0
1.5
0.0
697.0
11.2
28.5
6.3
nan
807.0

pavlova

peach melba

peking duck

penne

pepper steak

pho
8.51
30.57
58.01
1.7
101.0
55.3
0.0
33.3
0.0
2751.0
0.1
0.0
24.1
0.2
7893.0
25.1
3.0
58.0
1.1
653.0
6.14
2.24
10.39
0.6
403.0

pilaf
10.42
1.37
76.31
1.2
1303.0
2.94
3.7
25.67
0.6
430.0

pirogi

pizza
9.67
18.93
65.11
3.5
815.0
9.56
16.82
67.2
nan
868.0
8.73
9.98
50.72
1.2
599.0
13.89
8.81
27.1
2.7
400.0
10.36
12.28
29.02
2.2
447.0
13.48
11.68
29.86
1.9
806.0
12.8
8.6
31.78
2.4
696.0
11.74
10.68
27.93
2.3
712.0
11.41
10.8
28.05
2.8
555.0
11.06
12.94
30.36
2.3
637.0
13.36
17.71
27.0
2.5
782.0
11.5
12.35
30.62
2.3
633.0
14.13
16.17
32.66
2.1
967.0
13.88
19.05
25.35
2.6
783.0
12.77
18.52
25.3
2.6
725.0
11.08
13.85
29.56
2.0
596.0
11.91
11.07
28.8
3.0
471.0
13.63
9.33
27.35
4.1
450.0
12.08
7.51
29.27
3.8
400.0
12.14
8.19
28.84
4.1
470.0
10.39
10.04
26.99
2.0
600.0
12.37
8.78
32.91
2.5
556.0
11.28
14.43
25.14
2.2
555.0
12.63
11.75
28.78
2.3
640.0
12.96
9.91
26.47
3.0
506.0
13.92
11.71
29.46
2.1
753.0
12.46
10.11
31.15
2.3
743.0
13.22
12.86
28.67
2.8
663.0
14.01
17.61
29.0
2.3
875.0
11.08
11.2
31.84
2.4
594.0
11.03
12.03
31.17
2.6
677.0
13.95
16.9
28.7
2.4
839.0
11.92
13.5
29.39
2.3
671.0
12.23
11.63
30.0
1.7
615.0
12.23
11.63
30.0
1.7
615.0
14.62
9.27
28.08
2.9
421.0
12.78
8.62
31.24
4.3
495.0
14.35
9.82
28.3
4.3
474.0
12.63
7.83
32.24
3.9
457.0
12.2
12.88
44.48
2.4
539.0
12.72
7.91
31.31
4.0
421.0
13.26
9.07
30.58
4.0
433.0
11.93
10.89
31.22
1.8
685.0
11.73
12.56
29.93
1.7
624.0
15.29
14.1
28.64
1.6
784.0
12.33
15.1
28.18
2.5
628.0
11.25
11.18
31.86
2.1
611.0
11.52
12.1
31.89
2.4
693.0
10.33
11.1
25.72
2.0
456.0
13.39
9.54
31.5
1.7
454.0
13.59
10.5
31.01
1.7
518.0
12.12
11.35
23.1
2.1
578.0
12.63
10.22
30.1
1.3
432.0
13.37
12.8
34.22
2.4
857.0
12.23
12.63
32.11
2.6
759.0
11.47
13.07
31.79
2.0
676.0
11.34
10.95
26.01
2.3
658.0
11.02
10.9
25.38
2.2
589.0
11.76
11.52
30.76
2.3
690.0
14.38
13.13
24.69
2.0
590.0
2.18
1.15
8.66
2.0
348.0
12.86
11.38
31.55
1.7
801.0
11.97
14.21
30.49
1.8
692.0
10.9
10.72
25.62
2.0
689.0
10.8
8.97
33.24
2.2
523.0
10.76
9.83
33.48
2.4
615.0
11.53
9.25
32.74
1.9
578.0
11.97
11.86
30.04
1.2
671.0
10.27
10.21
26.69
2.5
570.0
12.29
15.66
26.26
2.3
528.0
12.93
10.81
29.03
1.5
492.0
16.23
16.99
22.85
1.6
455.0
11.98
10.42
33.42
2.4
674.0
10.85
11.25
32.85
2.1
580.0
11.39
9.69
33.33
2.3
598.0
10.81
10.54
33.17
2.2
597.0
12.85
13.95
31.2
2.5
742.0
11.74
11.91
31.98
2.3
685.0
11.49
12.58
31.84
2.2
684.0
16.89
14.32
8.03
1.0
701.0
15.61
15.26
12.6
2.3
794.0
19.48
24.63
6.55
0.7
919.0
17.81
22.13
8.47
1.0
824.0
1.92
8.96
30.94
1.6
122.0
13.67
8.59
29.7
3.4
421.0
13.46
14.28
29.76
2.4
738.0
11.42
10.97
31.88
2.1
600.0
9.24
10.81
26.51
2.1
393.0
11.64
8.22
31.31
2.4
520.0
11.22
12.03
28.02
2.3
639.0
10.31
8.69
30.71
2.2
535.0
9.74
9.39
30.43
2.1
531.0
9.63
10.86
24.46
2.4
586.0
9.21
8.22
27.64
2.2
509.0
9.46
9.45
29.46
2.2
538.0
10.72
11.56
28.5
2.3
614.0
9.96
8.43
31.0
2.2
520.0
9.58
9.29
31.06
2.1
526.0
12.25
12.71
27.52
2.9
523.0
12.43
11.38
29.68
2.6
557.0
12.6
10.05
31.83
2.4
591.0
12.92
15.01
27.19
1.5
709.0
13.56
9.22
29.77
4.3
484.0
12.4
12.18
27.13
2.8
490.0
12.56
10.94
29.3
2.6
527.0
12.71
9.71
31.48
2.4
565.0
12.9
13.16
27.49
1.5
627.0
12.94
8.45
31.41
4.0
445.0
16.04
16.51
22.86
1.8
708.0
14.05
12.46
26.73
1.8
603.0
13.53
13.08
26.75
1.8
602.0
12.72
13.2
25.12
2.1
617.0
10.97
10.56
30.16
2.0
555.0
12.53
12.06
22.4
2.1
574.0
11.06
10.01
26.53
2.0
513.0
11.51
9.33
26.1
2.0
507.0
11.98
11.51
25.6
2.0
716.0
10.98
8.58
28.36
2.0
606.0
10.58
9.52
29.26
2.0
604.0
10.24
9.48
25.22
3.3
532.0
9.44
8.18
28.48
2.8
483.0
7.38
13.64
30.77
2.0
553.0
7.41
12.13
37.95
2.1
515.0
12.18
14.88
27.48
1.7
463.0
11.48
12.53
32.16
2.0
481.0
9.95
12.65
23.53
1.7
420.0
9.76
11.07
28.11
2.0
442.0
13.48
18.49
22.95
1.4
572.0
12.67
15.87
27.69
1.7
568.0
12.01
16.3
21.21
1.4
504.0
11.51
14.29
25.75
1.7
511.0
9.19
10.5
53.39
1.3
631.0
11.04
13.28
28.88
4.1
495.0
10.69
11.26
33.54
4.5
497.0
12.57
17.22
24.04
3.3
599.0
12.0
14.81
28.83
3.8
582.0
9.02
11.35
24.61
3.6
445.0
9.08
9.99
29.23
4.1
455.0
8.32
14.16
25.84
2.5
469.0
7.49
12.3
30.0
2.9
465.0
10.36
17.93
21.58
2.1
578.0
9.3
15.69
25.84
2.5
555.0
6.85
12.05
22.19
2.4
424.0
6.41
10.86
26.28
2.7
428.0
13.19
15.21
26.21
1.6
563.0

poached egg

poi
1.21
0.18
5.37
2.3
18.0
1.21
0.18
5.37
2.3
18.0
17.65
20.98
0.59
0.0
72.0
24.4
27.17
0.0
0.0
69.0
23.53
28.5
0.0
0.0
68.0
28.05
13.8
0.0
0.0
77.0
0.38
0.14
27.23
0.4
12.0
34.51
7.05
0.0
0.0
30.0
20.92
4.62
0.0
0.0
51.0
28.23
14.16
0.0
nan
66.0
31.94
13.6
0.0
0.0
29.0
20.05
9.23
0.0
0.0
49.0

pork chop

porridge

potpie

pound cake

poutine

prime rib

profiterole

pulled pork sandwich

ramen
10.17
17.59
60.26
2.9
1855.0
10.06
17.73
60.34
3.0
1727.0
10.22
17.52
60.23
2.9
1923.0
10.89
2.5
70.95
2.7
1200.0

ravioli
7.96
6.0
17.62
1.4
371.0
7.44
5.61
19.64
1.1
269.0
7.07
5.7
18.5
1.2
306.0
4.52
2.61
17.31
1.4
280.0
3.6
2.2
16.3
0.1
282.0
2.48
1.45
13.64
1.3
306.0
3.24
3.41
13.26
1.5
283.0
10.7
7.06
19.09
0.7
286.0
7.18
5.95
14.1
0.9
394.0
8.37
8.44
14.63
0.5
237.0
12.48
7.23
17.45
0.6
779.0
8.67
6.12
14.31
1.0
599.0
10.04
8.67
13.52
0.4
584.0
8.36
6.65
20.33
0.7
642.0
3.98
2.3
15.22
1.2
246.0
6.93
6.36
13.5
0.8
597.0
6.68
8.18
15.26
0.5
474.0
6.94
4.51
20.17
1.1
517.0
5.76
6.71
15.23
0.7
392.0
5.43
3.37
16.35
1.3
528.0
6.89
4.13
12.16
1.0
366.0

red velvet cake

reuben
12.58
17.25
19.32
2.2
714.0

rigatoni
6.19
3.71
8.66
1.1
308.0

risotto

rissole

rock cake

roulade

rugulah

salisbury steak

samosa

sashimi

sauerbraten

sauerkraut
0.91
0.14
4.28
2.9
661.0
7.93
18.28
3.57
1.1
787.0
12.58
17.25
19.32
2.2
714.0
0.9
2.48
4.15
2.8
661.0
0.9
1.56
4.2
2.8
661.0

sausage roll

savarin

scallop
20.54
0.84
5.41
0.0
667.0
1.2
0.2
3.84
1.2
1.0
1.03
0.17
3.3
1.9
1.0
2.87
3.68
10.78
1.9
335.0
7.77
4.59
73.93
8.6
1578.0
2.12
4.3
12.77
1.1
341.0
2.87
3.68
10.78
1.9
335.0
1.03
0.17
3.3
1.9
237.0
12.06
0.49
3.18
0.0
392.0
18.07
10.94
10.13
nan
464.0
12.77
0.41
10.62
0.0
795.0
14.39
4.17
3.89
0.0
498.0
14.39
4.17
3.89
0.0
498.0
14.81
0.6
4.0
0.0
512.0
24.01
0.98
6.33
0.0
661.0
13.78
11.14
13.03
0.6
486.0
13.21
6.63
15.1
0.6
439.0
13.82
1.22
15.8
0.6
459.0
18.39
17.57
1.54
0.4
373.0
17.48
5.06
5.43
0.0
615.0
8.46
5.64
15.05
0.6
313.0
7.01
9.39
13.64
0.8
324.0
6.56
13.74
13.22
0.7
412.0
7.01
9.39
13.64
0.8
324.0
7.28
10.31
13.1
0.7
356.0
6.79
9.53
13.66
0.8
418.0
7.14
9.56
13.32
0.7
440.0
6.68
10.68
13.42
0.7
405.0
6.94
11.46
12.94
0.7
430.0
2.75
5.86
15.67
1.9
295.0
1.8
4.41
10.34
0.9
371.0
4.84
5.09
15.84
1.3
315.0

scampi
19.7
11.73
1.77
0.1
97.0

schnitzel

scotch egg

scrambled eggs

scrapple
8.06
13.87
14.06
0.3
482.0
8.57
14.76
14.96
0.3
385.0

seaweed salad

shirred egg

shrimp and grits

sloppy joe

souffle
7.89
12.95
5.9
0.7
566.0
9.34
15.68
6.38
0.1
330.0
11.7
11.14
5.48
0.1
396.0
9.91
9.83
5.47
0.1
440.0
8.82
14.47
39.96
1.3
87.0
3.4
2.16
12.17
2.1
167.0
4.44
8.77
6.88
0.8
244.0

spaghetti bolognese

spaghetti carbonara

sponge cake

spring roll

steak au poivre

steak tartare

strawberry shortcake

streusel

strudel
3.3
11.2
41.1
2.2
135.0
3.48
6.24
46.4
2.5
151.0
4.36
10.1
45.06
2.1
134.0
10.1
12.83
37.65
0.7
179.0
3.14
5.16
37.67
1.9
124.0
2.8
5.6
48.19
1.3
127.0
6.89
8.47
29.8
0.9
118.0

stuffed cabbage

stuffed peppers

stuffed tomato

succotash
5.07
0.8
24.38
4.5
17.0
2.64
0.54
17.61
3.0
245.0
2.6
0.49
13.98
2.6
221.0
4.31
0.89
19.94
4.0
45.0
4.31
0.89
19.95
4.1
45.0
5.03
1.02
19.59
3.8
4.0
4.31
0.89
19.95
4.1
281.0
5.07
0.8
24.37
nan
253.0

sukiyaki

sushi
2.92
0.67
18.42
1.0
429.0
1.81
1.46
17.71
1.4
361.0
2.92
0.67
18.42
1.0
429.0
7.1
3.71
15.3
0.7
424.0
6.88
1.28
15.3
0.7
351.0
7.01
0.55
15.67
0.7
359.0
7.4
0.25
15.3
0.7
343.0
1.81
1.46
17.71
1.4
361.0
3.85
0.27
18.59
0.8
474.0
9.24
5.19
13.39
0.6
422.0
8.92
1.74
13.39
0.6
318.0
9.1
0.7
13.92
0.6
329.0
9.66
0.28
13.39
0.6
306.0
7.0
4.63
10.74
0.4
412.0

syllabub

taco
13.19
11.05
19.28
1.8
646.0
12.56
10.81
17.92
1.5
509.0
7.9
24.2
63.1
5.3
787.0
8.86
12.7
19.85
3.9
397.0
9.25
9.75
20.23
2.9
560.0
9.84
6.42
20.51
2.4
564.0
9.13
7.27
20.32
2.4
534.0
4.32
21.5
34.91
3.2
313.0
6.21
12.48
21.39
3.7
348.0
8.86
12.7
19.85
3.9
397.0
13.3
6.35
19.69
1.2
613.0
11.81
12.1
17.22
1.6
551.0
7.35
6.05
31.23
4.2
563.0
7.03
6.8
23.37
3.7
451.0
6.69
9.17
15.1
3.0
363.0
9.25
9.75
20.23
2.9
560.0
13.3
6.35
19.69
1.2
613.0
4.5
0.0
58.0
13.3
7203.0
6.41
21.79
63.49
6.7
324.0
7.2
22.6
62.4
7.5
15.0
8.7
6.0
49.6
nan
898.0
12.92
11.21
6.44
0.9
472.0
8.83
29.07
53.2
3.8
794.0
10.27
11.84
19.69
1.4
548.0
9.04
12.66
21.15
1.6
551.0
11.38
13.92
17.22
1.3
584.0
10.14
14.36
18.86
1.5
582.0
11.15
13.94
17.76
1.3
596.0
10.46
12.47
17.32
2.0
539.0
10.45
14.31
19.28
2.7
547.0
9.44
15.25
17.44
2.3
480.0
10.68
10.71
20.42
2.1
667.0
9.75
11.97
18.64
1.9
593.0
8.68
9.96
18.78
2.6
517.0
12.5
9.58
21.28
2.0
658.0
11.07
10.97
18.91
1.7
569.0
12.74
13.78
20.44
2.6
528.0
11.06
14.69
17.87
2.2
447.0
10.07
11.91
20.44
2.6
459.0
10.22
8.01
21.28
2.0
599.0
6.88
7.01
23.63
4.0
493.0
6.42
8.29
21.66
3.6
445.0
8.58
8.67
22.29
3.2
571.0
9.18
8.07
22.67
3.2
561.0
7.92
9.96
20.38
2.8
512.0
8.37
9.42
20.5
2.8
497.0
6.39
9.51
23.34
4.6
387.0
5.94
10.63
21.2
4.1
346.0
8.19
11.65
21.65
3.8
458.0
8.61
12.06
19.66
4.0
390.0
8.91
11.21
22.19
3.8
443.0
7.51
12.71
19.6
3.3
407.0
8.04
12.3
19.83
3.3
388.0
9.56
8.13
20.49
2.6
543.0
13.28
12.65
17.41
3.1
328.0
14.62
17.08
14.51
1.6
448.0
7.47
9.3
16.44
2.9
328.0
7.85
8.0
16.24
2.9
322.0
5.29
7.33
19.25
3.8
275.0
6.86
10.51
15.02
2.6
292.0
7.2
9.35
14.86
2.5
287.0
4.95
8.8
17.47
3.3
245.0
12.03
11.33
16.63
1.2
719.0

tagliatelle

takoyaki

tamale
6.28
6.12
18.12
3.1
427.0
3.48
7.21
26.68
3.2
277.0
7.35
9.04
15.75
2.4
473.0
13.19
4.7
18.28
3.3
298.0
8.99
11.99
17.97
2.2
503.0
2.22
12.52
35.67
2.3
265.0
1.78
8.48
31.23
2.1
179.0
8.6
14.37
14.94
1.3
459.0
1.88
18.82
11.68
1.6
972.0
1.46
46.07
9.25
1.6
1091.0
6.31
8.25
15.43
1.7
359.0
6.98
9.67
11.04
1.5
275.0

tamale pie

tapenade

tempura
4.03
15.92
4.55
1.1
23.0
3.7
15.63
20.26
1.6
13.0

tenderloin
29.86
8.11
0.0
0.0
64.0
26.04
3.96
0.0
0.0
57.0
18.2
3.07
4.63
nan
413.0
18.67
15.41
20.24
1.0
871.0
20.95
2.17
0.0
0.0
53.0
26.17
3.51
0.0
0.0
57.0
20.65
3.53
0.0
0.0
52.0
30.42
6.33
0.0
0.0
65.0
17.21
3.8
1.82
nan
594.0
20.39
2.09
0.0
0.0
243.0
26.43
17.78
0.0
0.0
52.0
23.9
25.39
0.0
0.0
65.0
19.37
18.46
0.0
0.0
50.0
26.48
16.53
0.0
0.0
57.0
21.61
3.15
0.31
0.0
231.0
20.16
3.14
0.0
0.0
239.0
21.5
3.7
0.31
0.0
230.0
19.61
18.16
0.0
0.0
50.0
26.46
17.12
0.0
0.0
54.0
23.9
24.6
0.0
0.0
57.0
19.82
17.88
0.0
0.0
50.0
23.9
23.7
0.0
0.0
57.0
18.15
21.83
0.0
0.0
49.0
25.26
22.21
0.0
0.0
59.0
24.04
26.67
0.0
0.0
55.0
18.06
15.48
20.29
0.7
874.0
30.5
8.91
0.0
0.0
57.0
30.21
9.71
0.0
0.0
58.0
30.93
7.7
0.0
0.0
54.0
30.7
8.32
0.0
0.0
59.0
30.45
9.03
0.0
0.0
71.0
31.09
7.25
0.0
0.0
55.0
19.71
14.09
0.0
0.0
63.0
18.5
19.11
0.58
0.0
61.0
21.5
7.4
0.0
0.0
44.0
21.91
6.21
0.0
0.0
42.0
27.26
8.82
0.0
0.0
56.0
27.38
7.12
0.0
0.0
54.0
21.94
5.74
0.0
0.0
44.0
21.94
5.74
0.0
0.0
44.0
21.78
6.16
0.0
0.0
45.0
22.16
5.1
0.0
0.0
42.0
22.06
5.93
0.0
0.0
55.0
29.04
8.39
0.0
0.0
60.0
22.12
6.52
0.0
0.0
56.0
27.94
4.81
0.0
0.0
59.0
20.53
3.81
0.0
0.0
49.0
27.87
5.0
0.0
0.0
59.0
23.42
4.73
0.0
0.0
73.0
23.23
5.52
0.0
0.0
73.0
22.07
3.19
0.0
0.0
86.0
29.37
9.01
0.27
0.0
45.0
29.26
9.35
0.27
0.0
45.0
21.04
6.88
0.0
0.0
39.0
29.01
9.1
0.0
0.0
59.0
20.85
6.11
0.0
0.0
63.0
20.19
12.3
0.0
0.0
64.0
20.53
7.63
0.01
0.0
62.0
18.87
17.73
0.57
0.0
62.0
21.67
6.93
0.0
0.0
44.0
21.72
6.67
0.0
0.0
44.0
21.57
7.1
0.0
0.0
44.0
21.95
6.02
0.0
0.0
42.0
27.31
8.14
0.0
0.0
56.0
21.78
6.16
0.0
0.0
45.0
22.16
5.1
0.0
0.0
42.0
27.51
7.49
0.0
0.0
56.0
27.48
8.13
0.0
0.0
56.0
27.55
6.54
0.0
0.0
54.0
29.07
7.76
0.0
0.0
62.0
30.76
3.41
0.0
0.0
50.0
29.9
2.35
0.0
0.0
57.0
21.19
6.1
0.0
0.0
39.0
22.17
7.07
0.0
0.0
57.0
20.43
4.22
0.01
0.0
49.0
30.97
6.71
0.0
0.0
61.0
30.87
7.02
0.0
0.0
61.0
26.9
4.33
0.0
0.0
594.0
22.0
15.55
15.22
0.9
564.0
27.24
2.8
0.0
0.0
550.0
26.9
4.33
0.0
0.0
594.0
23.29
7.07
7.57
0.2
509.0

terrine

tetrazzini
11.96
4.78
6.96
0.5
388.0
7.98
6.16
12.56
0.9
318.0

tiramisu
5.91
24.26
29.61
0.4
155.0

toad in the hole

torte
13.5
7.23
47.0
1.9
406.0
3.59
17.87
55.58
0.6
428.0
3.68
13.57
37.14
0.8
362.0
6.4
4.97
15.87
1.0
620.0
3.5
1.89
15.32
1.0
317.0
6.18
3.71
22.71
1.6
288.0
3.52
1.48
15.83
0.8
300.0
6.61
15.04
15.1
1.7
277.0
7.04
10.79
17.57
0.6
636.0
11.96
7.52
17.86
0.6
440.0
6.39
7.39
15.61
0.5
579.0
10.38
5.56
36.15
1.5
156.0
4.42
4.31
16.2
1.2
593.0
8.72
7.13
21.24
0.9
202.0

tortellini
13.5
7.23
47.0
1.9
406.0
6.4
4.97
15.87
1.0
620.0
3.5
1.89
15.32
1.0
317.0
6.18
3.71
22.71
1.6
288.0
3.52
1.48
15.83
0.8
300.0
6.61
15.04
15.1
1.7
277.0
7.04
10.79
17.57
0.6
636.0
11.96
7.52
17.86
0.6
440.0
6.39
7.39
15.61
0.5
579.0
10.38
5.56
36.15
1.5
156.0
4.42
4.31
16.2
1.2
593.0
8.72
7.13
21.24
0.9
202.0

tostada
6.15
23.38
64.43
5.8
657.0
10.45
14.31
19.28
2.7
547.0
9.44
15.25
17.44
2.3
480.0
12.74
13.78
20.44
2.6
528.0
11.06
14.69
17.87
2.2
447.0
10.07
11.91
20.44
2.6
459.0
6.39
9.51
23.34
4.6
387.0
5.94
10.63
21.2
4.1
346.0
8.19
11.65
21.65
3.8
458.0
8.61
12.06
19.66
4.0
390.0
8.91
11.21
22.19
3.8
443.0
7.51
12.71
19.6
3.3
407.0
8.04
12.3
19.83
3.3
388.0
7.47
9.3
16.44
2.9
328.0
7.85
8.0
16.24
2.9
322.0
5.29
7.33
19.25
3.8
275.0
6.86
10.51
15.02
2.6
292.0
7.2
9.35
14.86
2.5
287.0
4.95
8.8
17.47
3.3
245.0

tuna tartare

upside down cake

veal cordon bleu

vermicelli
10.84
1.27
76.02
1.6
1337.0
2.82
3.2
22.03
0.6
364.0
10.42
1.37
76.31
1.2
1303.0
2.94
3.7
25.67
0.6
430.0
0.1
0.1
82.32
3.9
4.0
10.64
1.04
76.08
1.2
884.0
2.65
3.45
23.54
0.7
377.0
0.04
0.04
31.42
1.5
3.0

victoria sandwich

vol au vent

waffle
6.58
9.22
41.05
2.2
621.0
7.42
9.49
48.39
2.6
710.0
6.92
9.4
44.16
2.4
663.0
6.71
9.91
45.41
2.4
682.0
5.8
10.1
45.68
1.5
529.0
2.99
8.22
40.54
nan
508.0
7.14
3.57
49.16
4.3
557.0
2.72
8.84
43.05
1.4
505.0
6.6
5.0
83.0
4.4
596.0
6.47
9.7
42.98
2.2
638.0
7.9
14.1
32.9
nan
511.0
7.19
9.61
49.29
2.4
467.0
9.37
6.96
46.19
1.5
511.0
7.07
9.05
46.58
2.6
504.0
7.43
10.5
48.94
2.6
507.0
6.78
8.39
46.7
4.1
529.0
6.48
8.02
45.06
4.0
504.0
8.15
26.14
38.91
2.4
779.0
8.59
28.67
46.09
2.7
675.0
6.59
20.92
34.46
2.7
618.0
8.63
26.73
36.12
3.5
863.0
8.69
18.59
41.49
2.5
766.0
6.93
14.74
36.24
2.8
600.0
9.06
22.5
48.63
2.9
659.0
8.68
18.55
41.66
2.7
764.0
6.84
11.38
33.04
1.2
480.0
9.21
18.98
38.58
3.8
855.0
8.98
14.41
42.88
2.6
792.0
9.53
14.69
39.92
3.9
885.0

welsh rarebit

wonton
8.28
5.52
13.28
1.4
441.0
2.08
0.26
5.25
0.2
406.0
9.8
1.5
57.9
1.8
572.0
8.76
11.13
14.05
1.5
467.0
8.76
11.13
14.05
1.5
467.0
8.76
11.13
14.05
1.5
467.0

ziti

