android app java output (wrong, always the same):
[-34.598442, -56.238995, -45.514462, -48.24128 , -37.515202,
-35.942261, -44.546597, -34.500782, -49.702728, -44.3699  ,
-37.813175, -34.187378, -42.592449, -49.766182, -38.390545,
-41.934982, -48.3689  , -40.273331, -43.531681, -31.30702 ,
-37.939796, -39.099251, -37.904751, -35.773914, -33.95739 ,
-46.12455 , -43.915379, -42.785389, -43.602291, -34.700478,
-28.909542, -32.604401, -43.210194, -35.008453, -45.978188,
-35.02272 , -39.566799, -37.069595, -38.840519, -37.398472,
-32.982182, -33.102108, -42.731716, -38.254971, -33.968884,
-36.872177, -55.247036, -30.012232, -29.647837, -38.31089 ,
-38.182945, -39.088604, -40.859856, -33.544529, -41.448391,
-34.535435, -37.861668, -34.642986, -39.203991, -45.400818,
-33.10981 , -39.152435, -38.002457, -35.772686, -42.672901,
-33.810234, -43.982647, -39.72633 , -37.816708, -33.466148,
-46.681446, -34.786045, -40.280842, -28.394835, -32.96603 ,
-45.774345, -41.862343, -35.763145, -33.076897, -29.388533,
-41.416927, -35.632389, -34.558525, -41.226864, -45.928768,
-45.260956, -38.385509, -35.802959, -31.815998, -44.767311,
-33.842525, -47.48444 , -46.419178, -33.27375 , -37.128563,
-44.199986, -51.076275, -40.444332, -39.265671, -31.376204,
-34.069294, -46.444538, -35.602451, -35.747501, -34.127022,
-33.324631, -32.948711, -31.156153, -39.835873, -48.013962,
-39.374882, -50.909622, -50.180603, -44.513485, -32.394379,
-36.361744, -41.350983, -37.51144 , -28.766947, -44.104496,
-35.538834, -31.825651, -39.036575, -29.526308, -52.428673,
-34.480186, -30.766567, -30.661718, -39.180775, -35.674381,
-42.121883, -39.530697, -38.255474, -28.028816, -25.215363,
-33.937664, -46.812077, -33.874123, -48.592064, -50.490185,
-49.208736, -37.803295, -30.975456, -45.310856, -40.7654  ,
-38.992863, -48.954948, -44.259663, -30.078156, -36.368984,
-34.929504, -36.652431, -33.891346, -23.192673, -35.128288,
-33.558258, -41.425762, -37.507843, -33.984554, -46.086376,
-39.601719, -40.907982, -40.642021, -37.789848, -43.35437 ,
-35.93784 , -35.887718, -40.210106, -40.153954, -26.81896 ,
-32.429413, -31.606665, -32.686073, -35.945915, -36.201588,
-45.244595, -32.336426, -36.968521, -42.245174, -35.747154,
-47.515347, -43.79792 , -40.077057, -35.520973, -39.808193,
-34.975399, -31.350542, -52.434086, -31.775509, -32.572311,
-47.528065, -34.256935, -37.360195, -41.254326, -39.297001,
-43.127926, -40.504074, -44.055332, -35.53587 , -45.087166,
-33.594254, -43.666256, -38.771587, -35.019463, -36.688362,
-39.350784, -30.060184, -38.102165, -33.058983, -35.19812 ,
-32.771545, -40.212952, -44.186665, -32.25074 , -32.489704,
-36.605999, -32.487534, -39.084942, -36.778809, -35.267494,
-36.693287, -35.165199, -47.761143, -33.91383 , -40.491043,
-40.504669, -33.982822, -31.087742, -28.603203, -40.997192,
-35.448166, -36.803802, -40.476345, -43.51432 , -33.470428,
-32.853294, -46.102894, -43.984104, -48.489578, -39.993004,
-29.817934, -35.248039, -51.032295, -42.376717, -38.446072,
-44.467663, -43.860111, -33.66494 , -34.038303, -38.657349,
-33.721802, -44.62001 , -32.503918, -32.337425, -44.635075,
-31.414757, -30.939159, -34.841946, -43.112236, -42.251541,
-42.825325, -47.807491, -47.793995, -44.847183, -35.150719,
-41.827301, -35.186077, -36.989826, -32.786953, -35.249409,
-42.560562, -37.187695, -38.922649]

python app output (correct):
[ -8.160131    -5.320391   -11.562362    -5.747405    -4.8892574
  -6.3165903   -8.70478     -7.7314463   -9.201765     2.565329
  -7.548493     0.71962667  -6.0960455   -3.5193667   -5.255471
  -6.8990507   -3.863526    -6.609787    -9.131557    -9.676947
  -6.1687083   -2.029367   -10.412999     1.6554786   -9.224901
  -8.479458    -9.138811    -3.3406653   -2.3382072   -5.878338
  -1.6904466   -7.070828    -5.656503    -8.250637    -7.9550877
  -3.0740871   -3.6264906    2.3605137  -11.547474    -9.675459
  -6.700034    -9.787476    -5.0826716    1.5707681   -2.9406376
 -11.576602    -4.266499    -6.680959    -7.518353    -7.4158955
  -4.77376     -8.791148    -8.640788   -10.346766    -1.8138002
  -9.093076    -5.3884897   -7.6039934   -7.1541624   -6.4828625
  -9.453575   -10.264483   -11.166345   -10.830423    -2.4294739
  -3.3794198   -8.709136   -10.581366    -5.150648    -4.081584
  -9.607897    -0.29184213 -13.091218    -7.0918555   -8.993919
  -5.2434273   -1.6667416   -4.730982    -2.8550253   -7.5284925
  -6.922805    -3.4047427   -4.020443    -4.7035813   -7.5835524
  -4.2395077   -2.3686762   -7.2496223   -4.487516     2.9262278
  -7.203231    -8.641559    -9.24678    -10.771151    -8.440468
  -5.9434147  -12.0811615   -7.0206013   -1.3892819   -9.378632
  -9.855593    -8.628047    -9.934609    -3.6215334   -9.881348
  -8.513653    -7.246331    -5.571866    -6.7081566   -8.155791
  -8.586802   -10.415937    -3.4076464   -8.735746    -8.090407
  -2.0335836   -1.9863966   -3.9464636  -10.983231    -6.5011716
  -1.9242512   -6.5563917   -4.6069846   -7.265871   -10.876852
  -7.40259     -6.3531604   -5.891286    -1.7264348  -10.184843
 -10.566796   -10.778551    -9.926104    -9.944339    -6.6989765
  -6.874494    -7.371502    -8.432478    -8.083187    -2.5937185
  -5.1433835   -6.472977    -5.4286556   -6.8180895   -3.2829962
  -3.6661863   -6.5664883   -7.7020025  -11.241314     2.8196125
  -0.888912    -6.592642    -3.5306964   -9.999142    -8.775485
  -8.772648    -6.04503     -5.4743176   -7.6765203   -6.8770466
   0.13064468 -10.315503    -9.738689    -4.0297136  -11.486193
  -7.720701    -8.3542595    0.3154422   -9.958014    -9.146142
  -2.0704188   -5.681898    -5.903604    -7.1743965   -8.6515255
  -6.4598923   -2.8117661   -7.7888584   -8.374678    -4.014539
  -9.648215    -3.9914377   -4.957773    -6.2071896   -6.5329204
 -11.771426    -8.9843235  -11.582945    -9.48945     -7.0740147
  -4.7352448   -9.003822    -3.3440976  -10.648825     7.1791563
 -13.853658   -11.407865    -1.406432    -1.7378238   -4.188717
  -5.6773376   -0.05268049  -6.222052    -6.9658375  -10.68471
  -5.764247    -2.1916556    0.51190805  -7.828409   -11.481761
  -6.252705    -8.803688    -6.391655    -5.90699    -11.128902
  -6.9293528   -3.0999198   -7.0321593  -10.977731     0.5372953
  -2.3147614   -4.2188807   -2.8253715   -6.1583757   -0.22625822
  -9.088036    -5.8336797  -11.097343   -10.142605   -12.887108
  -3.3978238   -5.6801724   -1.9892876   -9.04118     -7.6405306
 -11.271971    -4.042779   -10.710424    -6.1098623   -5.9230065
  -8.842502    -6.43501     -5.438097    -5.9648414  -11.227322
  -4.1085677  -11.566448   -10.996279    -3.846664     2.487339
 -11.995958  ]

C++ app output (incorrect):
[-10.597502    -7.7121553   -9.1478071   -4.0338421   -1.4995917
  -2.877625    -0.11223873  -1.1902087    1.8856767  -10.138697
  -6.1392322   -0.20201138  -7.0870767   -9.2888641   -0.77925128
  -1.7165244    2.4777932   -7.9678502   -9.0208874   -1.1976031
   1.3412766   -4.8505387    0.49946395  -1.2989339    0.90663642
  -3.476819    -5.5205622   -3.7727802    1.2548733   -2.0224202
   0.29840046  -1.9769248   -6.9082761   -1.2528057   -0.96640611
  -3.3462765   -7.8917093    1.9682869   -4.2847433   -1.625095
  -7.2465286   -5.048955     1.997072    -3.1210063    1.0050441
  -4.9598789   -0.07340669  -2.8022125   -4.7999754  -11.427303
 -10.315766    -2.2054343   -6.9147081   -4.6471519    0.97999942
  -2.4589677   -0.3659395   -5.4451122   -3.6325812   -5.4457498
  -5.3543139    1.1008149   -8.6610584   -7.2520938    0.0867611
  -7.1685996   -7.4968686   -7.3088894   -1.4643711   -0.45130262
  -6.0575609    0.38543323  -5.5455103    1.6005369   -6.8398113
  -1.5472099   -9.1455717   -0.86036706  -3.499474    -1.4428558
 -10.334383   -10.308931    -0.90378052   0.08137922   0.13037443
  -8.4521589   -9.0485077   -7.1811671   -5.9768744   -9.3243523
  -0.51583403  -4.8998251   -3.4009759    0.14807881   0.28995246
  -1.341923    -9.8956842   -1.9981979   -3.8921521   -4.4554043
  -4.5984969   -4.1262851   -7.3720708   -3.2384875    2.4376183
  -3.829272    -1.5768645   -1.7581589   -1.7614577   -3.8002551
   0.24631503  -6.2117791   -4.2930145   -6.0042171   -4.1246109
  -7.4337783   -5.1686602   -8.6614904   -5.7120094   -6.6391268
  -1.8670338   -4.7896638   -3.8353007   -4.2638617   -5.4467988
  -9.0903749   -4.0636539   -4.2547107  -12.23529     -3.983
  -6.438292    -7.4202242   -1.2147149   -8.4311152   -6.2097487
  -6.0611758   -4.982141    -5.7239661   -8.3459148  -10.668118
  -0.204238    -1.0133121   -8.7706537   -8.7802448    2.457768
   3.297951     1.8047452   -0.99965143   1.6855409    0.75679338
  -8.2008276   -3.047616    -6.7624025   -2.068542    -3.7920983
  -5.8669052    2.1945722   -0.70664215  -0.52052867  -0.48476556
  -7.874362     0.87540853  -3.7268696   -8.7013531    1.528545
  -6.0697975   -5.6585331   -3.0676916   -6.6889005   -4.1893444
  -5.1761065   -5.0805101   -7.9923739   -2.8090003   -3.1325588
  -3.1628928    1.8612169   -1.0548916   -1.4365958   -4.7143059
  -1.3749163   -5.2712746   -1.8066829   -5.8816733   -0.20287877
  -3.3641346  -10.135136     1.2746913   -6.5678811   -2.1752594
  -2.2526281   -4.0095892   -0.02176887  -9.8973236   -6.3156729
  -2.9792678   -3.6787238    0.73914582  -4.4319053   -4.3436999
  -5.8034234  -11.292363    -0.93260342   0.87539089  -4.7419496
  -2.9870961   -4.650568    -3.6225502    2.038579    -3.2031381
  -0.86230999  -1.1522174   -2.0712104   -4.6186891   -3.7003624
  -3.8115284   -3.9316926   -9.7610903   -6.7231951   -4.3039651
   0.26724002  -2.6039612   -1.3797719  -11.139149    -5.4001703
  -7.5902061    0.89440501  -3.4883423   -3.4140849   -0.16040203
   0.61097789  -9.7202225   -5.8977404   -6.2127738   -5.550406
   0.0932749   -1.6563388   -6.9780025   -0.54987252 -11.181215
  -5.0571775    0.40152133  -6.146359    -0.3823351   -4.9168158
   2.7399981   -5.8980179   -7.4673357   -3.7257063   -5.6992512
  -3.3816807 ]

